ACQUISITION_ID,CELL_ID,CD11b,CD14,CD15,CD163,CD20,CD21,CD31,CD34,CD3e,CD4,CD45,CD45RA,CD45RO,CD68,CD8,CollagenIV,HLA-DR,Ki67,PanCK,Podoplanin,Vimentin,aSMA
UPMC_c001_v001_r001_reg014,66887,2.30135027358504,3.27335301294146,3.46141363000045,16.595676195775,2.05268604192553,3.05893028871965,3.23752253656431,3.0472678883469,3.08625493791436,1.92870285653547,2.3560939687578,2.30904220726945,2.22149789511511,2.68797625054045,1.30437594890335,2.47304867155927,2.65018350845676,1.9396713210416,32.0254469190612,2.95591325067733,2.08585433376387,2.94773806254568
UPMC_c001_v001_r001_reg014,66888,2.5559583360237,2.32104725660813,7.23465448463699,5.96131984208694,8.56693852494527,2.56087505844733,3.89309154321662,3.38344398460954,1.86894972407847,4.22637150021919,3.40442308083132,3.21119135206535,1.89918055181084,3.95081473078528,2.48628355024734,2.22106315233597,6.81325172832424,8.02937350193072,16.3632562031216,6.27781200407288,1.25407865830789,1.51662123129441
UPMC_c001_v001_r001_reg014,66889,14.8648456497115,1.02918157399836,21.620295399473,11.2205389582903,1.88792798255383,2.95231480356902,1.63757791156163,1.90533131473838,1.03939441153251,0.749335070758714,2.9443844045547,1.39487588817448,4.61233588467011,1.2036037884036,1.45786437361837,1.41552639984009,0.771534554741298,2.23398360681612,19.4407394018172,1.36248769000076,3.03560019095538,1.22032074022072
UPMC_c001_v001_r001_reg014,66890,4.30989816191462,10.2205104783063,2.0639684248936,1.90507066173808,2.43316204716314,2.63067493283508,2.85432266793102,1.93515022090298,8.29927042857577,9.11574025690057,10.3462119103103,2.80557549793989,8.30363582404137,4.40504701465618,1.70490283684946,2.74612501879559,3.0296982263469,3.12653552131402,1.19997314803528,8.57419766458504,5.81683929803955,2.17348975792523
UPMC_c001_v001_r001_reg014,66891,9.23682220832901,3.21971005319553,3.36713524220795,2.58731103541114,4.24508721535305,2.48963163424059,2.6431377721454,5.15422500515471,5.54586567951636,5.59067367281047,5.70982567811915,2.92480778510828,12.36969119335,3.25298494664074,7.97092068133523,3.05478589893311,2.21818223107896,3.4981615718147,1.68562383073043,6.49057655447081,4.97403177263129,1.77080833742314
UPMC_c001_v001_r001_reg014,66892,14.3391121242044,2.43450253122541,22.2879156016207,7.6985201235977,2.42328974991737,1.81001406861314,2.72582050120531,2.01203114633672,1.1883375100891,1.66082614714362,5.15185114313802,1.11359954958372,2.51612389400808,2.12156846292001,1.54927702570899,1.65607056489232,2.20943553645357,1.78071226863281,15.1333437191254,2.53128257078301,3.9826932734935,1.6736724873071
UPMC_c001_v001_r001_reg014,66893,13.8673004743801,1.85409871159955,21.4409980619439,5.35618542747976,2.9583329790393,2.2773760288446,2.57224299625131,2.33407484416025,1.87930940827302,1.95911938026975,4.45627196450562,1.67473259979317,1.91392778339301,3.15399712778719,2.91953018391195,1.85163814492663,5.77674308551103,2.57399990994723,12.9657709099574,2.79532243045972,1.99261105234713,1.42641649521836
UPMC_c001_v001_r001_reg014,66894,12.4110635927114,2.19075885875866,20.0102113140844,4.33783408841686,2.64834867144775,1.65584014410868,1.98448722379729,2.37543243596251,1.57206249420283,2.32319868071157,4.79056670683921,2.02768396255361,2.75898734531618,2.9630164327929,1.7668159774805,1.75535858113441,3.38030501131411,6.63953707437336,9.49152115148937,5.44605429379311,5.73825539892424,1.73266055978704
UPMC_c001_v001_r001_reg014,66895,2.69631365380977,1.58820780297171,3.10085426822346,13.4169978240006,9.34229698619484,5.39419629735661,3.68899657559903,2.76700343681467,1.76713460754457,2.07602534767052,1.45526728086769,2.43793904765,2.55190371629849,1.86499707534709,2.07887963959343,2.7857795434499,1.66354889660021,3.50476415683006,28.0978357823183,5.28921630214225,0.656095989386409,1.77574576933036
UPMC_c001_v001_r001_reg014,66896,3.89233025835359,4.78500342498174,2.8869733317362,5.76747327137747,2.84141370462816,3.20202257361781,2.67782756301771,2.33781448097236,2.61735138148272,2.55538527010962,3.21319720172422,3.35837931755427,2.91363673461097,4.55425942226897,3.00324707133643,3.79713317328215,3.0916997628256,3.04127369945469,20.0161095360378,9.13003132618388,7.56928137505911,2.74815611938453
UPMC_c001_v001_r001_reg014,66897,2.90826052522093,6.61358336296721,2.16003018977285,10.2095460027138,2.41809700522837,3.51288457717326,2.40361091024692,2.11141812875801,2.34045852812039,2.37948586012694,2.48250275398423,2.61573708406778,2.07795168435481,3.56260183443022,1.95401406484164,3.12169028840425,9.65756646870238,2.49430686705717,21.7818293161623,6.40622162860061,4.66859520555853,2.11960771350735
UPMC_c001_v001_r001_reg014,66898,3.2872065072368,3.38939249400276,5.87119558694445,12.3900347881866,2.37569814892375,3.09169144133191,2.82027998875081,2.60043654115896,2.82384568262368,2.40880621420201,2.42676893198145,2.53284746318797,1.77737054292152,2.54323510601197,1.31640467059128,3.00413962677064,2.03595245619556,2.97586250527595,26.9854994138631,4.20984263781922,7.04912323020133,2.0843660218183
UPMC_c001_v001_r001_reg014,66899,4.27097979697994,1.90748833955681,12.7295061258262,6.42598416615003,10.1279990110075,2.99441183979658,2.9539043353519,1.69420768221847,1.83308455840592,2.78458622280996,3.16278704666138,2.15595207502041,1.34836640392668,2.43322131449279,2.08513547486102,2.27630870990413,3.56343182221667,9.35632080279957,14.9912811116863,8.62173086498358,0.950943600027556,1.3323686953166
UPMC_c001_v001_r001_reg014,66900,2.15112119271312,2.22436097687893,5.05389154832701,4.0937654128647,7.61524947238619,2.53864866162556,3.26158357137257,2.80379491199226,2.04437901128624,3.07373307266755,2.76122982160319,2.09939245438233,1.33522909041583,3.19240229184579,2.60468959748949,3.09534525939129,4.77041552727498,19.0214501456734,12.5467561597435,10.8700382782836,1.13000910712494,1.71251443465759
UPMC_c001_v001_r001_reg014,66901,5.76198786987383,16.2942622627033,4.28942102586878,2.44904327400117,2.32084737259103,2.69653633127127,1.98847764347929,1.99844639734948,1.46253864579527,2.87429047134815,9.61759469584672,3.60169613855511,8.23289811326677,10.0072436941417,1.1481380936326,2.60083207851577,4.90171633740585,3.03165665388083,4.24863984999403,3.42837664112597,5.58975408822953,1.4556023211235
UPMC_c001_v001_r001_reg014,66902,2.16392044726351,13.3735546236665,2.91388089497536,2.53772480989028,2.69827188928576,1.74152520003615,1.99839335241553,1.96533065788584,3.96364856757683,8.30783775651268,10.5612067410276,2.76196531218379,14.1363137052115,3.6878835761484,1.41619926872959,2.49957589595438,3.51169405544297,2.79781770425784,5.45015444086127,3.8722633013688,5.77790147309127,1.86293632621418
UPMC_c001_v001_r001_reg014,66903,3.72539726146794,1.40291811201176,2.91217545098383,11.0523292044711,12.9797248977435,4.78292376945756,2.95575539064015,3.05708743376021,2.37058852507652,1.78033883937356,1.33052558278862,3.53054173824397,3.99044797812037,1.85979388988253,2.83303556131362,2.67446269688444,1.83654942858716,4.23861345818375,26.3993260185302,1.22835138483224,0.44738718221625,2.61172619543061
UPMC_c001_v001_r001_reg014,66904,2.79427502114879,1.17986822667735,3.94217388669785,12.4501714867946,15.1545604294136,4.28898599515748,3.44898797578333,2.92507417157224,2.08021258143011,1.98729035731822,1.44905980694795,2.50127166229719,1.95910126284332,1.7605442195746,2.61622219112523,2.14380052469458,1.21942003829858,5.72547751637774,23.9802150058462,4.69411297305634,0.319029621424429,1.38014504552024
UPMC_c001_v001_r001_reg014,66905,3.20716388436395,1.20111009875794,2.89045355540344,17.6264223893178,5.19064296780255,9.02655966924022,2.73586707205848,2.84392318824146,1.81482513002767,1.36466644096959,1.75700760993162,2.61160345049979,3.95386208484696,1.33471708581233,3.29026971989412,1.60875973292653,1.22804464809109,3.17488276597478,29.8951547508887,1.12024027843167,0.294098677879229,1.82972479864009
UPMC_c001_v001_r001_reg014,66906,12.9567444807455,3.08778508485489,22.3792007574032,2.2372047784208,3.59068077519989,2.52578466958194,5.59839751694977,3.94218227971173,2.90489777612331,1.65170623089059,2.67784311840621,3.82608122878051,4.16881745298167,3.12165547676915,3.099120769815,2.75020399746534,1.77615436250877,3.56781543750349,1.52926457966434,4.62150264054773,5.35464726873898,2.63230931693719
UPMC_c001_v001_r001_reg014,66907,1.75411364377691,2.64868842474518,5.11222779841561,6.63837789814635,9.982427851057,3.14460396029211,3.7014749594152,2.98653208709997,1.34466345135671,3.09812807408159,2.49564633806212,2.68737430673101,0.569547724650226,3.41645637832774,3.02453147871269,2.80710397821777,7.17543192199198,7.61646971341239,17.6785081986943,9.06713117163551,1.17915261993076,1.87140802124686
UPMC_c001_v001_r001_reg014,66908,6.09926261723379,9.55179882803266,9.77883523714029,1.77587210609696,2.52625684999099,2.63032051431568,1.6590995137007,1.8200093978366,1.02829877102748,2.83818560535203,7.89999840350107,2.62216472611356,6.46930658958894,11.8558246178731,1.63019472792539,3.96262907535012,8.94715831251778,1.62919206279212,4.29125245869409,4.33151168784707,5.13882347335745,1.51400442371218
UPMC_c001_v001_r001_reg014,66909,2.13337436924562,11.6988827732661,3.57394772693874,1.97670156290761,1.94536141671873,2.32018041444966,1.56924167592719,1.83505369767413,1.13683006957058,4.73801519935841,5.89963953781838,4.07406972648064,4.8234698066571,9.61143623966908,2.31479566687367,3.65608502777962,12.4434290365277,2.26203561340729,5.49634164894636,5.18406980984519,9.19500478961433,2.11203419032386
UPMC_c001_v001_r001_reg014,66910,19.126301849935,1.33493708735109,26.0491385231805,5.38902746525863,3.09725262408079,2.15636514319321,1.14420822038948,2.63269172195607,1.04672665533589,0.732157467911603,4.62874759502008,1.79258101771761,6.06673082012747,2.01554685969954,1.84609023669931,1.36944426549425,0.664482454251424,1.92479880676498,11.817988480663,1.06601470404302,2.78955150508985,1.30921649583728
UPMC_c001_v001_r001_reg014,66911,4.97220403171546,8.41097426292473,2.92601835725119,2.05962088646425,2.61136947942818,3.3339330466685,2.07705648970201,1.7680843573464,4.19745025981936,4.5204630902976,6.71896825601739,3.19707563809342,10.3508380188913,5.11229423290989,6.77286100534069,3.33431622808113,9.12670721014458,3.23124181611495,1.18028437471568,4.59129415788232,6.89130111376196,2.61564368642896
UPMC_c001_v001_r001_reg014,66912,2.92417433579694,3.34665728415767,3.14953101296458,6.3403897552921,2.25813925426609,2.60732241663661,3.59282339256597,2.82900869922825,3.28776139499991,2.11869840817987,2.246723481772,2.87218171762164,3.15061776382444,2.88818560159818,2.2797970596238,2.89519182033815,2.33839705263979,2.57145876010417,21.8738695772096,19.022097467286,2.90997973326276,2.49699401063141
UPMC_c001_v001_r001_reg014,66913,16.4151145981811,2.14870412648223,21.2923473280186,7.09847170252395,2.75264227702194,2.46805408941638,1.85267198506402,2.34858965855208,1.55893170874579,1.28566242242332,5.68881768071093,1.69857386283356,3.96045139555477,2.11659258617896,1.61815447277714,1.25375671974158,1.20898293243378,2.4604513093778,13.1354673717439,1.9913565366103,4.33458777143993,1.31161746416794
UPMC_c001_v001_r001_reg014,66914,9.51012532673631,2.58027260606285,20.3094518521697,7.37086399044027,2.43787312180498,2.39418334281195,3.24849431464961,2.83784729735356,2.65933395818336,3.07853362024019,4.09010469794816,1.90338648146578,2.06624745438116,2.86187002578369,3.64678162856274,2.4223537800107,2.4937663515685,1.92052236091556,16.0201513196887,2.49837591399444,1.88391669932834,1.7655438558995
UPMC_c001_v001_r001_reg014,66915,3.32824346527488,3.70965837184053,6.89813353823871,4.29949818107159,9.16456223919361,3.56825186377691,2.45636027893748,2.15836093702128,1.67749752337034,2.04716207477063,3.10048105164865,2.30702734445784,2.40283267341948,2.97353791160008,1.97988489626296,1.79402734702294,2.41794588882615,19.7927595786812,11.5658184351077,9.78393641841565,1.05072765464509,1.52329232641629
UPMC_c001_v001_r001_reg014,66916,4.90874564058949,1.48599821571046,6.10969781502323,5.19135278626523,17.9559619266274,4.04266124504957,2.89181462133508,2.33671104629866,1.69406219342821,1.90701034583427,1.44046178806097,2.69943319034854,2.00205529028774,1.92695241009213,3.02312027717225,1.77053979498169,1.30170731044318,15.211936594347,15.6009248336108,4.45950748876967,0.624381045302586,1.41496414042191
UPMC_c001_v001_r001_reg014,66917,1.77601651085105,1.44073710725731,1.12987727391324,8.55974646633855,18.3105432546548,4.03844462643192,3.21910462311118,2.96047440028206,1.88986740814568,1.99832601853913,1.28110250663815,2.96894824864503,3.22158120995554,1.52283038109335,3.63443885915917,2.42935373548234,1.85456724441217,6.55146295350434,25.0946647415381,3.20230127839344,1.08518409127674,1.83042706037679
UPMC_c001_v001_r001_reg014,66918,5.12698976930162,4.05798885353574,5.234856082713,2.2232950711436,4.24157214902137,2.57392671961399,2.7152249241555,2.85569163087452,7.97093794284862,7.39848096993484,5.30791785711466,3.8348953559893,9.96951768830986,2.8934704351456,4.40520771121478,2.92603789526906,2.8522489595881,7.99816238970649,1.70390877673451,5.96790800765026,5.10934963150446,2.63241117863011
UPMC_c001_v001_r001_reg014,66919,5.7500489160686,4.42132025727914,3.24160011098256,2.90082804312937,2.67364221993216,5.3193047890791,2.94700922108912,3.39053738459835,4.69967866138923,4.81391048537569,4.15820412231943,4.74451848934712,6.98999129200156,5.08138028706899,6.05383085375454,4.22987777012577,4.46831978720272,4.62911583510132,2.66590606522686,5.76987668715011,7.70779965655258,3.34329906522568
UPMC_c001_v001_r001_reg014,66920,6.17752725886781,6.04434937233112,6.05967641485951,2.91550356975115,3.37164906154076,4.0786040935178,3.96715521410096,3.44698002318094,3.62252154527034,4.31542559112012,4.69435607549755,4.17828922632856,3.99260859092275,3.8935819237511,4.70233705377665,5.5649991841725,5.35785487031518,3.95966412702498,2.63878444961417,7.727361637379,5.75373166038001,3.53703905629704
UPMC_c001_v001_r001_reg014,66921,7.68196438792411,1.24072108734615,9.78481970786919,4.96153358312104,9.38634891755867,3.3347591018401,3.038461885648,1.59390624420362,1.53490524006126,1.61569618609671,1.55005396664006,1.88045350551724,2.44416792846669,1.93359146367354,2.28620374011528,1.62154653425102,1.36462073662098,20.6578409808221,15.6304781505301,4.67116953034615,0.63796985528087,1.14878726606703
UPMC_c001_v001_r001_reg014,66922,2.05510606075168,1.21596904212212,2.88066212592992,9.92838527562388,19.1461812426871,4.59460882764961,3.3811425672444,3.24509366796324,1.81672343342809,1.81266925536171,1.55786967110444,2.59629546668422,1.9668585127903,1.94108072448769,2.84824664492131,2.42798083896111,1.33443131714347,5.23893516276025,23.07598965604,4.61670388988652,0.604534332013634,1.71453228444522
UPMC_c001_v001_r001_reg014,66923,2.17565569714265,2.52574201432625,7.53132256463109,9.10221466600105,5.54253203296367,3.81559560611879,4.27823019951872,2.65824065100362,2.32580311181905,3.44916483659293,3.66126755983563,2.49977237357535,1.84857863135542,3.68768791183128,3.27078732485565,2.69835206065363,4.38353276605895,4.95834250063512,20.7473679327783,5.4197527173729,1.18387475751904,2.23618208341093
UPMC_c001_v001_r001_reg014,66924,4.16505641286598,2.15977591178378,11.9186694502097,5.36261985990598,9.49556757969977,3.17250093666268,2.60917444698013,2.41880560450239,2.1479876698824,2.08252090556304,2.94129365473293,2.37296713966779,1.50726833120195,3.55943510244681,2.8443746168904,2.71872766247477,2.60722719619166,11.8585557744118,14.2123975610524,6.88102398321804,1.09644955723371,1.8676006424219
UPMC_c001_v001_r001_reg014,66925,5.41729337702407,6.95663603388081,3.82117755894872,2.46061809229635,3.05492488051719,2.77641545210027,2.91532118934075,2.77881455906549,8.57998118924397,7.4732633579642,5.85111499612382,3.14327582486873,9.18540041638423,6.74657285429786,3.21708360753121,3.24963586884898,6.40727929030872,2.90639645737142,1.38863803267751,4.76029382741379,4.83793527837695,2.07192785541495
UPMC_c001_v001_r001_reg014,66926,6.00980628326985,11.5509074670328,5.14602498527917,2.7762631263556,2.87061907366072,2.82914131149688,3.94801511071183,3.06030752957813,2.93978166463015,4.29372936851162,3.70188181032937,3.66693057106896,3.37581382290561,6.7548924729994,3.77407267606264,7.70179848917545,6.14673084597821,3.28027903999293,1.86336501961349,6.38933419822977,5.14745429908972,2.77285083402771
UPMC_c001_v001_r001_reg014,66927,11.0247494297712,3.24023096883831,15.9833045751112,1.92498602244241,2.48201307612221,1.76486011635203,16.5317493065012,9.78561791470938,1.9792187496917,1.72820314950085,2.50378685664202,3.32721776935793,2.88204128466212,3.18361455210941,2.08555325925869,3.42532595683774,1.94170096225627,2.22761063192346,1.42686576160392,2.09360488015453,6.02012831832982,2.43761645782367
UPMC_c001_v001_r001_reg014,66928,4.52660072327604,2.24822510299305,13.7132124162326,9.98997184007589,7.02262137221341,2.87321823922373,3.59917741283093,2.56704305922004,2.70701926397857,3.0498814213026,4.35477750320365,2.15917692271882,1.58760946221199,3.68874479706395,2.7331511772566,2.06277681371869,2.32319937044854,3.54086694669848,18.8810260846554,2.83510980776112,1.47004502679718,2.06654523611872
UPMC_c001_v001_r001_reg014,66929,3.48477625247131,2.99481760739654,7.04526493345782,5.3757472938367,10.89272781399,3.24217637426472,3.14929221516237,2.74588042338645,1.98723676152942,2.28466603092942,2.69686296797545,2.07558906410803,2.49787129744007,3.5390001836053,2.91960303792958,2.768426762049,3.1898211694536,4.61701079463164,16.1673571655296,13.3485359873102,1.29379980136682,1.68353606217592
UPMC_c001_v001_r001_reg014,66930,3.00137685075233,7.08031658796482,2.29000483213796,3.21327053904169,2.112236872151,3.45632386036806,6.17015056466245,2.91318696944678,2.4747441089434,3.36072738516096,4.01923065905893,3.82677075840657,4.17955483438907,4.45851403679673,5.80293644859242,5.94318574241862,4.84031840518151,3.40449219535215,11.4014681502085,3.50909716462644,10.3900078128747,2.1520852214649
UPMC_c001_v001_r001_reg014,66931,4.06973642937317,1.62103788329025,8.9756731325761,5.94038146443721,9.87492676121273,2.71052876919441,2.55166926131152,2.27232690121251,2.11216282888569,2.23194496722876,2.04337074035857,2.18584767973007,1.36532124712033,2.51644516451143,2.17252825835318,2.08371031678285,1.75324740072808,24.4710022504636,13.8533736640938,2.2775218125261,1.08802915385371,1.82921391275595
UPMC_c001_v001_r001_reg014,66932,2.52696968081488,2.16824872990512,7.30911081982482,9.80248877200738,8.50058258656465,3.49065924263235,3.23041466166502,2.57295554176104,2.57661369401596,3.19908759954959,3.42411721260623,2.69038039499219,1.60684090470955,3.92528672777018,3.28064332781155,2.52635141707027,3.55018071511122,3.5953268812586,21.3906695793162,4.86142589755561,1.58388725852159,2.18775835453607
UPMC_c001_v001_r001_reg014,66933,4.73577526365301,13.8417790658136,2.38431359125412,2.18956516906314,2.31809558946718,3.44082925806662,3.64406164828539,2.55065017320873,3.54974513582012,6.20688220181562,7.90336652566764,3.90031655019809,4.87237250025908,5.68254505628968,3.11192038648555,3.2271523553416,4.43977927166422,3.37145598806811,1.41097030549719,10.6965298189549,4.11981815244901,2.40207599267745
UPMC_c001_v001_r001_reg014,66934,7.60024381096204,5.5676674742025,4.6029506012748,5.34070245803552,5.00649730999015,4.70241370330662,2.83564247491984,7.1656760332053,7.22976390369469,2.96106104782544,5.9097615087573,4.06052542493162,8.26827511001518,2.21005515425366,2.04061945812845,4.12261793206474,5.72860499518554,3.71254207114305,1.16519159770577,3.99373279311054,2.55596446535227,3.21949067193497
UPMC_c001_v001_r001_reg014,66935,5.56471989278357,5.61861817331735,5.87713651901109,2.71378721814213,2.85974752255168,3.36859438112504,3.23907783590169,2.93415127556904,3.81814714309519,4.29915986317501,3.81416504250515,4.18744562181692,3.93309367806228,5.45559778826543,5.10006336528078,6.23732010982853,3.40087711758921,3.92908108279749,2.98838626009345,8.40942138307291,8.28655489460374,3.96485383141231
UPMC_c001_v001_r001_reg014,66936,2.59933782640295,5.75649158644225,2.68202896361458,7.94659132881388,2.37418243319152,2.64710797519913,2.80867957634556,2.31076612632577,2.76430655367889,2.92973683001597,3.38436257705406,2.70178484716525,2.09555061753739,3.84952506236405,1.93044769333362,2.60250112901003,4.54746332528262,2.46751529720622,23.8119884881798,10.975613826198,4.18501154534586,2.6290063912926
UPMC_c001_v001_r001_reg014,66937,14.853262870483,2.20819000240421,24.4543230395883,3.97904706953168,2.90493841877954,2.26154642860435,2.38588699647327,2.75405065635331,1.98289702180903,2.52950798873951,4.83814888807155,1.68067814515484,3.17427708706148,2.47592797715375,2.42368961823423,1.69635213066659,3.11726389445053,4.06048620423862,8.97137921289532,3.94193367240112,1.66857449368704,1.63763818321871
UPMC_c001_v001_r001_reg014,66938,1.85765406270354,7.02922350800225,4.08866488738452,2.79230933935867,2.8045695082521,2.53711989741709,1.84824970836012,1.91574642239289,2.23938845647335,4.03753635322983,5.75215965474561,3.39220166750896,6.32677298557236,12.4257675034739,1.76832693348754,2.32345052880242,12.4991156828068,3.75140034010864,5.46704331642908,5.48621421826522,8.01106415500555,1.64602087021957
UPMC_c001_v001_r001_reg014,66939,6.36717539402529,5.30294120171779,6.1358460142733,2.63030478397932,2.09493734065555,4.7132880359352,2.40385050745319,3.17839626439319,3.6578574508431,3.44894687347205,2.58148246273506,4.03308693740512,5.87254751509241,3.69612267297839,4.04681355683805,4.99169530126214,8.19574516508368,5.36826292669975,1.807177255983,5.51559761944029,9.05901676894405,4.89890795079007
UPMC_c001_v001_r001_reg014,66940,7.82088471567661,1.83365964406024,14.8823866076662,5.78253167318159,2.5835991866186,1.89160433469056,2.74125413323447,2.05407037615149,2.27403591308919,2.99937750513228,3.46617879713816,2.20290955504347,1.75369017678633,2.94810536046058,2.50728034393097,1.9402079938289,4.28899911399869,7.13150719944745,13.4778059595928,8.45279515651524,5.04831883725128,1.91879741650489
UPMC_c001_v001_r001_reg014,66941,2.41827738750578,9.07010654466167,5.14018108209687,5.47645878918357,3.47191663324354,2.25674227287628,3.25229727491474,1.92575926542097,1.52147601412435,3.02645712999866,5.49507602619111,2.41438377064929,2.59901777571062,3.57114702910595,2.62873847772086,2.10996503765444,3.8035264477241,10.8185911082126,14.0961240975274,11.9649000610639,1.38858177877737,1.55027599563593
UPMC_c001_v001_r001_reg014,66942,2.57256819762176,4.90200253407538,4.33091152280765,4.55091469354403,2.4716597163386,2.87902626086706,2.30111339370534,2.3097034411391,2.9375358516034,2.59940741387906,3.64268820377701,2.90907566163435,3.30963295239766,3.76636937549611,1.78120600913931,3.40799484545919,9.01778764564119,3.77166867170427,13.0330111574513,13.3258926619683,7.82148165797717,2.35834813177281
UPMC_c001_v001_r001_reg014,66943,13.0997328975095,3.53978907455609,17.6586141992371,10.0031449657792,2.10265952383,1.49522564707905,2.03153580944961,1.73177657918177,1.46066782616811,1.86129142615435,5.03737911231427,1.53320169186592,3.57110886145504,3.65793567638873,0.820084819647833,1.10632709292599,2.64106155385325,1.22741361530713,19.6547804334821,2.25989912974257,2.13255900171655,1.37381106235577
UPMC_c001_v001_r001_reg014,66944,4.69175136790683,9.08984082208414,8.5131389484602,10.1185977975906,1.92245108287573,3.09736815570584,2.66067633791479,2.19755279509234,2.63047321085731,2.68635045614948,4.86849601557605,2.82103997985723,3.20409917389467,2.55911383788249,1.42927102580163,2.57293367174327,2.91801977697697,2.6705458694891,22.8743831091022,2.54762737711439,1.68345936068965,2.24280982723505
UPMC_c001_v001_r001_reg014,66945,11.0862271597934,2.06053567221671,18.7117685861711,8.19906320161673,3.26244303891583,2.20316630028021,2.84016198643383,2.03241272967057,1.94741211198726,2.06235290812129,3.31963682235376,2.17060863596276,1.89610262863264,2.09992627565107,1.99243083455252,1.75101063120391,1.64464989332846,6.47035009034736,17.8435704885342,2.15440718366255,2.52957757277423,1.72218524778961
UPMC_c001_v001_r001_reg014,66946,5.19136157914023,2.16850200170922,6.11125829843628,2.1582692359181,2.32488003308622,3.69886645269267,2.0639920613998,2.73091877096909,3.35871129506461,2.6624531701789,1.81528922351015,4.02338697431011,3.15366942399485,2.42641360146975,4.423555900571,3.0748717770524,1.82935414183433,23.7919417129945,2.35503086063399,9.01752281676415,5.55094888967651,6.06880177859313
UPMC_c001_v001_r001_reg014,66947,4.57163353067088,10.5623596670747,2.19366195399257,4.55208921130711,2.22960290514324,2.64679795242681,2.74235531854862,2.13240957120246,2.13435214588166,3.80087370989364,5.94531395555053,3.85184377497855,5.66901669648841,4.77682729205299,2.32815466161227,2.83225558261492,6.33193959741103,3.91806834566969,15.8687577279859,4.03337461192051,4.43514341482712,2.44316837274637
UPMC_c001_v001_r001_reg014,66948,3.85844731073417,4.15173073315639,3.5010479405603,13.2624574046193,1.94457342422366,2.35442088601904,3.35048852029855,2.40065322809936,2.45361410551138,2.29351411138724,4.54312454880367,2.29854211303387,4.37186480506039,2.50383240445804,1.61426934515449,2.05380725364301,2.58470528004719,2.59073888715562,30.6373846365543,2.5470599724929,2.54768430127734,2.13603878770981
UPMC_c001_v001_r001_reg014,66949,2.2812495324717,1.83587402333626,6.04970238878153,5.94239886573051,10.6585526258337,4.17040065361869,3.19547998310031,2.58208143817768,1.51062924868998,2.14541200274373,1.6567805286176,2.46496092391939,2.20327100893626,2.49526445755958,2.40855898706304,2.74819323318831,2.65503200679832,15.9691754766778,17.2742650079412,7.46855021229666,0.80445064815779,1.47971674635986
UPMC_c001_v001_r001_reg014,66950,3.81923063546001,5.18843702102625,9.67756359799104,5.85285765486331,2.33739683197036,2.02617419964768,2.24697935668535,1.75272348801231,2.16494321195707,3.18963894276054,3.83270864673912,2.78594608324246,1.71944623466503,6.07319179244696,1.96448618227359,1.8544078487636,6.15466361493379,1.8776930324369,19.2916183733733,9.4508021311182,4.79235619110058,1.94673492853257
UPMC_c001_v001_r001_reg014,66951,13.1072948206176,2.36598310593429,21.4053746098909,8.50005845022684,2.28888386868056,2.21656914556136,2.51920881925705,1.95876378459676,1.8310204715784,2.02544728632644,4.28217581525926,1.68998442463918,1.61996690289365,2.28498832301613,1.45242700565934,1.51020829876502,2.11133230123596,3.47322314628685,17.8620985404312,2.69345421347424,1.2056345680684,1.5959020976006
UPMC_c001_v001_r001_reg014,66952,1.66229455874901,2.61130317945361,4.54734971352766,4.25996089256676,7.47255069441727,2.65184991822259,3.20445642395457,2.15416670994001,1.28172920838287,3.03065433503792,2.22979537443204,1.58638806360896,1.10716518623394,2.93675767712157,2.21097543691594,2.63990171171338,4.11252301438578,26.8365459847095,11.764551162252,9.32576675070091,1.15257852186521,1.22073548180842
UPMC_c001_v001_r001_reg014,66953,2.66569455845954,14.4959321537684,4.57196997639014,3.82687190459281,2.07273409880763,2.1987233182242,3.72010034686989,1.66810270183103,1.74252861768697,4.64099254199179,9.39699012299704,2.30103606426354,6.3129022391953,3.86647297045026,2.04147181208737,2.05583446323526,6.08734764134866,3.1096583821099,10.1152839983901,8.15446490923559,3.48388593400347,1.47100124406106
UPMC_c001_v001_r001_reg014,66954,4.03994404828906,10.21541126728,1.69991461432117,11.0359954157388,1.70176330926954,2.91147664726577,2.2974308238121,1.62633693245243,2.03782532080845,2.64056236220101,4.03132357926743,2.04258663757424,3.1998079446286,2.3971010627066,1.55140469820972,2.30948648667846,9.46057324479776,2.38491003238214,21.5106044653476,7.33802307063004,1.49482018103201,2.07269785530704
UPMC_c001_v001_r001_reg014,66955,3.08280099978293,3.95773570946272,3.14067331479601,8.12343380175134,2.86775591555,3.24330661376141,2.82313444020406,2.57576103236944,2.67448436374933,2.32046364437713,2.41065266143973,3.11768738674904,1.76640111220331,3.20987534397684,2.63408877727793,2.29717009493794,2.60406679078393,2.56706523205271,26.0341662005765,12.7074617436452,3.71929469355057,2.12252012700192
UPMC_c001_v001_r001_reg014,66956,3.13345741927116,13.4738047118873,4.78037994668029,2.67342139879834,2.20243584648322,2.6509309782607,2.58424563044,2.50213382775587,1.7850034208911,4.44803676713703,5.80713349684636,3.38578656410059,4.00720281419565,5.49096644947873,2.23767761778466,2.9994965075,6.36095320133276,2.93362832927957,6.29733698142004,6.60959125505879,11.4443560235541,2.1920208118438
UPMC_c001_v001_r001_reg014,66957,9.35017733430066,5.60135525515717,14.5097186482478,1.87556460619714,2.88836685443565,3.33694887954627,2.1973882653947,1.79957127007836,4.67846615656197,3.45976102582532,5.10391211896829,2.67203920631143,4.41183772415998,3.24913424356774,11.1148745606327,1.98272746637734,2.43507789157554,2.58841114904989,1.59615771512842,7.019551614884,4.50081015665292,3.62814785694668
UPMC_c001_v001_r001_reg014,66958,3.6625735206768,13.5907119188867,2.13750836619523,2.15961203093413,1.6189253683498,3.35983080805474,3.99745294700638,2.35861102293813,2.80935704476062,8.03958585332835,4.49044512154919,4.14796748204193,3.82954688705623,7.79645665985598,4.26005249350468,2.48197519138962,5.66449830371474,2.89614904212124,1.44080263302597,11.1844959973811,6.05226616974275,2.02117513748572
UPMC_c001_v001_r001_reg014,66959,7.04562278072467,5.7755672557848,4.80928426693012,3.23578820935838,3.85034532116037,3.63291747297295,5.371111974573,3.63056581175409,3.13042136824069,3.35223915775459,4.04619195893919,5.23968973291196,4.71351251579562,4.18605942993264,6.33283282521484,4.96715080446594,2.60543570527582,4.16682911982142,3.19883500939244,8.03082935583282,5.42849751001037,3.25027241315328
UPMC_c001_v001_r001_reg014,66960,3.54278393429467,4.52121997925689,3.12782897154149,6.16430740706457,2.43663528802427,3.92918244510763,3.35108695163686,3.05564562245316,2.51883520403966,2.54504685121205,2.62666275611494,3.59210259749933,3.01659246772715,3.47434017054261,2.71928693065186,2.50601125010085,4.22916873833531,3.06771508302193,20.2340050794744,13.7135813280014,3.24605872039434,2.38190222350457
UPMC_c001_v001_r001_reg014,66961,2.79722678989869,11.0209096392893,3.17437441752737,9.2684909888063,2.11562494879987,2.27541331667081,3.02110100454918,2.27529107721687,1.75596466248478,3.43465007722229,7.09931061074442,2.45588705445014,2.51998658044268,5.26567307286458,0.778740849290708,1.98843436416134,7.08694826678167,2.04798413721046,23.6836352751605,2.17896614442208,2.08207917036594,1.67330755164001
UPMC_c001_v001_r001_reg014,66962,9.92469977277901,7.26741753927313,16.4927770893077,2.00179013502035,2.41041334853749,2.05815408888621,2.04575846332085,2.03411191038877,1.6027459919666,3.6658605531822,6.34206589472166,1.66984793317838,4.81215860463998,5.11290431091866,1.97672477697789,2.88293311175642,6.80613575232356,2.31875984455178,4.14701034320126,4.04741857220117,8.75023867952274,1.63007328334416
UPMC_c001_v001_r001_reg014,66963,16.1577942161076,0.962687998687704,20.9002535185634,9.64070045937321,2.54194837962915,1.94326766992017,1.50671437935453,2.03771903195716,1.24158926466908,0.956718226154134,4.31703659407673,1.92453721808005,6.66173075046259,1.72173624903257,2.17872915634716,1.28385622567645,0.681979867401204,2.18904087202597,16.727910450465,0.918498379325057,2.09120472998246,1.41434636270859
UPMC_c001_v001_r001_reg014,66964,7.96294159697544,7.48382333636937,6.2121626152591,2.49468336054384,2.42919702179277,3.84601303802148,3.72778297073211,3.16274276610776,3.19776508039515,4.12309635776322,3.26122883243794,3.74264725058164,6.30183274550045,5.80988777231271,4.18709163468215,4.04326994715513,4.453807356409,3.76697377580454,2.09350292155087,9.63727516993938,5.19421541757943,2.86805903208652
UPMC_c001_v001_r001_reg014,66965,6.28715066428027,8.70408165690009,5.24697728292339,2.53730851829484,3.10053251634227,3.55268164522724,3.09133138617708,2.80289759007604,3.95749016858815,5.86488491916432,4.09523048014845,3.6124936959155,3.60249587831843,8.89225582929002,3.30901455299052,4.86045487710315,7.50664597004167,3.77218965965953,2.51412596718774,4.61116886504103,5.55137250564369,2.52721537068659
UPMC_c001_v001_r001_reg014,66966,6.31239914656307,1.79105697281404,15.721554456607,12.742188738728,8.54992574509436,4.09467872364098,2.54294590215083,2.02156600532081,1.83876633136104,1.72287422506803,2.66219060206742,2.2204916762413,1.90032310261814,2.23228764225932,1.80436427952923,1.77251455222224,1.20186166164348,2.49914728385707,22.2463117642364,1.40414439913277,1.03167342471589,1.6867333641286
UPMC_c001_v001_r001_reg014,66967,1.72292413384795,2.1848624291983,4.60999183119913,7.20952661515886,17.9396858609442,3.62229308215986,3.16310035237687,2.72405971048823,1.96058116920451,2.45856891297649,2.74512910351551,2.53339182475103,1.6334665719176,3.15256021233029,2.86316603084775,2.39977294421022,4.87631138733176,7.92311948121906,16.2034572391841,4.97498908043998,1.23342489505178,1.86561713164649
UPMC_c001_v001_r001_reg014,66968,1.83491720869485,11.8132935434203,3.43421646622586,2.49588074160348,2.51074052179131,2.14839695404743,2.80105349358331,1.84367653357675,4.35697819212397,8.15083703516169,8.98056619189001,2.79161977566775,11.2584689079326,4.37693118420943,1.93092735192376,2.13354595211903,6.69509163234912,3.08671217468279,4.93324284473097,3.97894454113369,6.62310671086735,1.82085204226455
UPMC_c001_v001_r001_reg014,66969,3.85491487323402,5.34519876753806,4.53323717044825,4.32330844085357,2.61833281864101,2.27821036770221,3.50697956882046,3.51469766166822,2.74015740217948,3.58811765716635,3.62958500123585,2.62691856044733,1.64521217178176,4.98151928644785,1.61635140867072,4.44019660517876,3.73931178487752,2.95328111639637,13.3877538554148,15.7903999142708,5.32856191300055,3.55775365402599
UPMC_c001_v001_r001_reg014,66970,9.63711859432165,5.04344248999789,3.37257868686374,1.8810111507019,2.70701777454127,3.53240314562084,2.94229204059611,2.36623356020677,2.9414433195581,3.59230190143044,8.76833368074059,5.75543710188855,11.3224527028607,3.17465889004928,3.27719163116222,2.24418884040792,11.7366354645256,2.39300608863101,1.86492922217654,5.30907087578813,3.66683286560316,2.47141997232756
UPMC_c001_v001_r001_reg014,66971,11.7270479921246,3.70839806773982,21.3746957085925,1.96022438085456,2.9527340405399,1.79656841212292,2.1790130427487,2.69523089522667,6.85096282830605,3.95277991494219,4.74413871688423,3.36270397462979,4.97299128353458,3.50662722592833,3.57529212188611,3.16661369262998,3.31869999395377,3.15498474687132,1.93747982270242,4.00464618268707,2.60852750937173,2.44963944572274
UPMC_c001_v001_r001_reg014,66972,8.8514287828156,1.1717557437571,17.3964475576206,10.4936918054114,9.93877171659635,4.8441680623112,2.36269054760394,2.3692803532913,1.42407195133536,1.36504851399796,2.07274375450576,1.80656262373156,2.03655854990691,1.52395505040301,2.04848757372147,1.66980173357991,1.21541857390002,2.00475992000078,20.435431787608,2.85587743671619,0.796228057668368,1.31681990351712
UPMC_c001_v001_r001_reg014,66974,12.2568563070543,2.82529859595325,22.9724909763199,6.30343255177929,3.10545222474188,2.05290844418172,2.21381945785039,2.66540085868299,1.48565593123383,2.00811287137986,4.43381441203589,1.82165484088512,2.59708612035092,2.73389869315995,1.87552176317514,1.71158923754998,1.88058052884297,2.09780296645163,12.5596811645955,2.62817788693017,5.90946429538605,1.86129987145922
UPMC_c001_v001_r001_reg014,66975,7.56552541254352,2.01463221436086,17.0961338904413,9.02679110227107,2.50726128355272,2.36669659639482,3.8671382514077,2.28307986960034,1.79513278115083,3.16677060198375,3.72423773120464,2.27226672900169,2.18764231792495,2.91804958153371,2.845579219224,1.77554223881548,4.7350915872255,3.70563940924176,17.5511506382554,3.58837192092225,1.10772859570452,1.89953802723922
UPMC_c001_v001_r001_reg014,66977,6.86461970146452,7.21355442035091,10.895579509225,1.88683983200736,3.3436258439458,2.84083013195029,7.18847190906424,3.83085953547963,3.75039016236385,3.27241772881703,2.90087913155051,7.22540000079499,3.99559052743933,3.40360788374404,2.69528762027302,3.43185989130208,4.7961066200213,2.96460849564944,2.59655208613714,5.38752518393566,5.88491169216645,3.63048209231737
UPMC_c001_v001_r001_reg014,66978,4.33288107639251,8.91302013292825,2.3558328166346,5.61230344755004,1.88049510945843,3.10140779067692,2.30371539206307,2.2780031139474,2.59150737162538,3.65956969581037,3.70200911164348,2.74355693439499,2.46438932232922,3.35125823304104,2.38671181911845,2.6788258414341,6.56123074787043,3.05478603539503,17.7533888787628,11.0472545849925,4.66605139428938,2.56180114964158
UPMC_c001_v001_r001_reg014,66979,7.09282229252101,9.46758724969774,2.21009308579727,1.77995856232401,1.93714973206621,3.89268481203009,3.4755303845235,1.94454159413692,3.33098512633582,5.34335404101069,8.42150696592969,2.95400219496958,10.1316766155398,4.92749122678262,3.71995423413222,2.58589431287989,10.7365396212977,2.44484172909226,1.47536365918131,5.67912822202143,3.75483160758594,2.69406273014432
UPMC_c001_v001_r001_reg014,66980,3.70469295877141,7.63044480531284,13.2623659793995,4.40914022051816,2.16739359530524,1.50462210013644,1.96388909410686,1.85987119563038,1.71525608889424,3.21571465496827,4.3188412410096,1.79965211785274,1.78498220484988,8.03820549888314,1.34362818902962,3.57628325091693,8.27771727321892,2.02685591487516,13.3640060926926,5.37714553530657,4.30207136718976,4.35722062113166
UPMC_c001_v001_r001_reg014,66981,17.8149657777525,1.36286550565244,23.4160749658739,6.31932188908201,3.70676802788961,2.56832582500463,1.05679264849948,2.58344759446025,1.07126925937659,0.786901049724081,4.16536450478583,2.15090133679278,5.89921675339121,1.57584351323538,1.84205132677633,1.25549389470143,0.870873735193349,2.27467092869499,12.4233026907436,0.83691253383035,4.70024690625416,1.31838933228515
UPMC_c001_v001_r001_reg014,66982,5.25218396070979,9.76759763806261,3.66380288807565,3.79028369936408,1.84428539080147,4.65266771644171,2.48758121254019,3.93953065521453,4.67740804720908,5.24301777745801,5.5413936321473,4.97868022246769,5.7597843093418,4.07938464675986,3.94022082626461,3.83167912939317,5.04788975655688,3.51886589560695,3.34288785038501,5.26403112176665,6.10625237820334,3.27057124522962
UPMC_c001_v001_r001_reg014,66983,4.68546967517684,4.68107958923375,4.43681709546989,2.15053025032307,2.33593655964166,3.36377257795069,2.90615306259387,2.71596775490651,10.4736141780707,2.88687117553735,7.74045254141539,3.44292036142373,11.3281357688023,2.91742953191047,6.06659388898695,2.75369775243673,4.55842539480482,4.57133522139277,1.31730070601637,7.2770605071959,4.98842991100754,2.40200649570271
UPMC_c001_v001_r001_reg014,66984,1.86388524725473,6.28916324180059,5.81946286036508,3.32371638622329,2.9000126289634,2.72776057020398,2.17866907501799,2.00267190572713,1.50525065095645,3.54463328204918,4.445756678018,2.30617361381163,3.54330974702075,11.6512745843748,1.68396159136815,2.45029463337095,12.0757606020141,2.82810902898242,7.2686210411701,6.79923007155353,10.2996382715516,2.49264428820207
UPMC_c001_v001_r001_reg014,66985,9.66620306327953,2.43966939315017,17.7336192520002,6.62263321006326,4.56785222979046,2.24656991097702,3.45490523872165,2.6273477360418,2.29447471777312,3.2979674590311,3.72211553429868,1.58133588750009,1.37390162594147,2.96777191940665,1.23953369407882,2.29409725416621,4.18253993900313,3.27805419734249,16.75071749121,3.62383710496969,1.56379291469,2.47106022656452
UPMC_c001_v001_r001_reg014,66986,7.83497785492252,1.0490197677367,6.68040516606097,14.8003026531114,9.77390948513712,4.2462192005672,2.20749200576385,2.40362284089524,2.04127644122745,1.42206320678147,1.7954411403022,2.77396650272956,3.74663508607836,1.70674534962798,2.65884540393532,1.94677823652854,1.48006154481672,3.16630876081352,24.6992719580897,1.39089523561836,0.345008670413886,1.83075348884195
